file	BAIT_SET	GENOME_SIZE	BAIT_TERRITORY	TARGET_TERRITORY	BAIT_DESIGN_EFFICIENCY	TOTAL_READS	PF_READS	PF_UNIQUE_READS	PCT_PF_READS	PCT_PF_UQ_READS	PF_UQ_READS_ALIGNED	PCT_PF_UQ_READS_ALIGNED	PF_UQ_BASES_ALIGNED	ON_BAIT_BASES	NEAR_BAIT_BASES	OFF_BAIT_BASES	ON_TARGET_BASES	PCT_SELECTED_BASES	PCT_OFF_BAIT	ON_BAIT_VS_SELECTED	MEAN_BAIT_COVERAGE	MEAN_TARGET_COVERAGE	PCT_USABLE_BASES_ON_BAIT	PCT_USABLE_BASES_ON_TARGET	FOLD_ENRICHMENT	ZERO_CVG_TARGETS_PCT	FOLD_80_BASE_PENALTY	PCT_TARGET_BASES_2X	PCT_TARGET_BASES_10X	PCT_TARGET_BASES_20X	PCT_TARGET_BASES_30X	HS_LIBRARY_SIZE	HS_PENALTY_10X	HS_PENALTY_20X	HS_PENALTY_30X	AT_DROPOUT	GC_DROPOUT	SAMPLE	LIBRARY	READ_GROUP
Cytisus_115_T1_R1s1a1_NoDup.HsMetrics	CaptureTargets	541675471	610809	610809	1	21753773	21753773	21753773	1	1	20041099	0.92127	2013580860	447192708	182312328	1384075824	447192708	0.31263	0.68737	0.710388	732.131825	744.465928	0.203535	0.203535	196.95154	0.012829	2.22894	0.987998	0.976138	0.969283	0.963154		0	0	0	4.000075	9.520342			NA
Cytisus_127_T2_R1s1a1_NoDup.HsMetrics	CaptureTargets	541675471	610809	610809	1	21657256	21657256	21657256	1	1	19909354	0.919293	2000292857	446534856	183392548	1370365453	446534856	0.314918	0.685082	0.708867	731.054808	744.746939	0.204141	0.204141	197.96824	0.014145	2.209932	0.985948	0.972538	0.965979	0.960011		0	0	0	3.835047	9.575806			NA
Cytisus_128_T3_R1s1a1_NoDup.HsMetrics	CaptureTargets	541675471	610809	610809	1	19908319	19908319	19908319	1	1	18216932	0.915041	1830431544	424666020	176688893	1229076631	424666020	0.328532	0.671468	0.706182	695.25174	707.330402	0.211199	0.211199	205.744276	0.013816	2.217337	0.985583	0.970724	0.965128	0.959999		0	0	0	3.966866	9.258769			NA
Cytisus_131_T4_R1s1a1_NoDup.HsMetrics	CaptureTargets	541675471	610809	610809	1	27388097	27388097	27388097	1	1	24699888	0.901848	2479373739	591937571	244539427	1642896741	591937571	0.337374	0.662626	0.707656	969.104206	984.183312	0.21399	0.21399	211.722811	0.008882	1.945026	0.989404	0.975487	0.970853	0.968631		0	0	0	3.998318	6.404161			NA
Cytisus_132_T5_R1s1a1_NoDup.HsMetrics	CaptureTargets	541675471	610809	610809	1	19313293	19313293	19313293	1	1	17372347	0.899502	1743421434	422354618	169507886	1151558930	422354618	0.339483	0.660517	0.713603	691.467575	702.762962	0.216521	0.216521	214.836767	0.008553	1.920117	0.989159	0.972235	0.968237	0.965338		0	0	0	3.598377	6.770276			NA
Cytisus_14_T6_R1s1a1_NoDup.HsMetrics	CaptureTargets	541675471	610809	610809	1	7845138	7845138	7845138	1	1	6930028	0.883353	517043945	99950340	52607715	364485890	99950340	0.295058	0.704942	0.655163	163.635998	167.015677	0.169872	0.169872	171.431475	0.013158	1.653621	0.98471	0.97299	0.961831	0.948371		0	0	0	3.09857	6.484967			NA
Cytisus_16_T7_R1s1a1_NoDup.HsMetrics	CaptureTargets	541675471	610809	610809	1	24311154	24311154	24311154	1	1	22562605	0.928076	2266731818	492861383	212985444	1560884991	492861383	0.311394	0.688606	0.698255	806.899347	819.652401	0.200723	0.200723	192.822803	0.010197	2.112506	0.985454	0.971238	0.965809	0.960875		0	0	0	3.59164	9.212036			NA
Cytisus_21_T8_R1s1a1_NoDup.HsMetrics	CaptureTargets	541675471	610809	610809	1	6479462	6479462	6479462	1	1	5781869	0.892338	431371818	89489477	43848041	298034300	89489477	0.309101	0.690899	0.67115	146.509755	149.342794	0.18415	0.18415	183.972938	0.013487	1.678009	0.984411	0.969416	0.957061	0.939973		0	0	0	4.25389	5.381508			NA
Cytisus_244_T9_R1s1a1_NoDup.HsMetrics	CaptureTargets	541675471	610809	610809	1	21659092	21659092	21659092	1	1	19674744	0.908383	1974818489	482485703	187877849	1304454937	482485703	0.339456	0.660544	0.719737	789.912564	801.179257	0.220558	0.220558	216.66612	0.005263	2.028302	0.992332	0.980323	0.970651	0.966223		0	0	0	4.429996	6.509356			NA
Cytisus_76_T10_R1s1a1_NoDup.HsMetrics	CaptureTargets	541675471	610809	610809	1	16309909	16309909	16309909	1	1	15138923	0.928204	1521207065	359192467	151534203	1010480395	359192467	0.335738	0.664262	0.703297	588.060207	598.368413	0.218049	0.218049	209.398048	0.013816	2.14469	0.984028	0.972223	0.965054	0.958505		0	0	0	3.700612	9.372926			NA
Cytisus_77_T11_R1s1a1_NoDup.HsMetrics	CaptureTargets	541675471	610809	610809	1	21287132	21287132	21287132	1	1	19294903	0.906412	1938610701	446334637	189289634	1302986430	446334637	0.327876	0.672124	0.702199	730.727015	742.763876	0.207597	0.207597	204.175547	0.010526	2.159197	0.985413	0.972632	0.965711	0.959646		0	0	0	3.518223	9.477518			NA
Cytisus_79_T12_R1s1a1_NoDup.HsMetrics	CaptureTargets	541675471	610809	610809	1	19433104	19433104	19433104	1	1	18119200	0.932388	1820618954	402499271	173755310	1244364373	402499271	0.316516	0.683484	0.698475	658.960937	671.696901	0.20507	0.20507	196.055839	0.013487	2.118918	0.985659	0.973834	0.96589	0.959486		0	0	0	3.745713	9.301861			NA
Cytisus_80_T13_R1s1a1_NoDup.HsMetrics	CaptureTargets	541675471	610809	610809	1	18317047	18317047	18317047	1	1	16821341	0.918343	1689172185	379360811	156780008	1153031366	379360811	0.317399	0.682601	0.707577	621.079275	631.606588	0.205057	0.205057	199.164663	0.012171	2.170469	0.984808	0.972175	0.964353	0.956326		0	0	0	3.511748	9.740459			NA
Cytisus_87_T14_R1s1a1_NoDup.HsMetrics	CaptureTargets	541675471	610809	610809	1	22409231	22409231	22409231	1	1	20540284	0.916599	2063810071	455365534	194040298	1414404239	455365534	0.314664	0.685336	0.701203	745.512155	759.76454	0.201193	0.201193	195.669967	0.014474	2.140182	0.983576	0.97291	0.966193	0.960246		0	0	0	3.97307	9.430719			NA
Cytisus_89_T15_R1s1a1_NoDup.HsMetrics	CaptureTargets	541675471	610809	610809	1	14608497	14608497	14608497	1	1	13444893	0.920347	1350624641	322962055	125617191	902045395	322962055	0.332127	0.667873	0.719967	528.744755	538.958415	0.218889	0.218889	212.056004	0.013487	2.24566	0.984101	0.970976	0.963457	0.954717		0	0	0	4.209688	9.401725			NA
Cytisus_90_T16_R1s1a1_NoDup.HsMetrics	CaptureTargets	541675471	610809	610809	1	19020414	19020414	19020414	1	1	17388670	0.914211	1746164142	395738272	174167530	1176258340	395738272	0.326376	0.673624	0.694392	647.892012	658.659379	0.206	0.206	200.981799	0.012829	2.188237	0.986418	0.971917	0.964061	0.955749		0	0	0	3.47772	9.735241			NA
Cytisus_92_T17_R1s1a1_NoDup.HsMetrics	CaptureTargets	541675471	610809	610809	1	21323397	21323397	21323397	1	1	19651067	0.921573	1974212954	447760558	184297976	1342154420	447760558	0.320157	0.679843	0.708416	733.061494	745.98211	0.207907	0.207907	201.134041	0.0125	2.246934	0.986678	0.974182	0.967917	0.961784		0	0	0	4.226436	9.116632			NA
Lathyrus_167_T18_R1s1a1_NoDup.HsMetrics	CaptureTargets	541675471	610809	610809	1	21020240	21020240	21020240	1	1	18864788	0.897458	1894297489	457276750	180193800	1256826939	457276750	0.336521	0.663479	0.71733	748.641146	758.432913	0.215387	0.215387	214.074372	0.002961	1.872674	0.994447	0.987486	0.985358	0.983394		0	0	0	4.150176	6.572159			NA
Lathyrus_171_T19_R1s1a1_NoDup.HsMetrics	CaptureTargets	541675471	610809	610809	1	15202983	15202983	15202983	1	1	13713919	0.902054	1370302624	315006239	131476205	923820180	315006239	0.325828	0.674172	0.705529	515.719708	524.089277	0.205149	0.205149	203.86206	0.010855	2.008005	0.986297	0.96869	0.961885	0.957429		0	0	0	3.866608	7.528927			NA
Lathyrus_174_T20_R1s1a1_NoDup.HsMetrics	CaptureTargets	541675471	610809	610809	1	18589450	18589450	18589450	1	1	16613519	0.893707	1660181640	393312602	152198779	1114670259	393312602	0.328585	0.671415	0.720998	643.920771	654.221843	0.209484	0.209484	210.095136	0.010526	2.01299	0.988925	0.972612	0.964383	0.960916		0	0	0	4.244241	6.77499			NA
Lathyrus_273_T21_R1s1a1_NoDup.HsMetrics	CaptureTargets	541675471	610809	610809	1	25539209	25539209	25539209	1	1	23569880	0.92289	2357187733	622177747	223574161	1511435825	622177747	0.358797	0.641203	0.73565	1018.612606	1036.733944	0.241205	0.241205	234.074467	0.015789	2.048881	0.986093	0.973518	0.970867	0.968371		0	0	0	4.964764	6.216057			NA
Lathyrus_275_T22_R1s1a1_NoDup.HsMetrics	CaptureTargets	541675471	610809	610809	1	28724531	28724531	28724531	1	1	26408460	0.91937	2640871633	700240231	254124476	1686506926	700240231	0.361382	0.638618	0.733724	1146.414396	1165.760783	0.241364	0.241364	235.143788	0.013487	2.052396	0.984912	0.971854	0.968619	0.966574		0	0	0	4.562474	6.751911			NA
Lathyrus_280_T23_R1s1a1_NoDup.HsMetrics	CaptureTargets	541675471	610809	610809	1	26719339	26719339	26719339	1	1	24457110	0.915334	2445612582	629271113	230744271	1585597198	629271113	0.351656	0.648344	0.731698	1030.225673	1046.146675	0.23318	0.23318	228.183311	0.011184	2.075688	0.98872	0.972826	0.968013	0.965497		0	0	0	4.792526	6.618295			NA
Lathyrus_281_T24_R1s1a1_NoDup.HsMetrics	CaptureTargets	541675471	610809	610809	1	24153393	24153393	24153393	1	1	22282451	0.922539	2228788189	598751413	214121738	1415915038	598751413	0.364715	0.635285	0.736587	980.259644	996.942228	0.245441	0.245441	238.238253	0.011842	2.059798	0.986489	0.973131	0.969391	0.966614		0	0	0	4.847218	6.383593			NA
Lathyrus_282_T25_R1s1a1_NoDup.HsMetrics	CaptureTargets	541675471	610809	610809	1	18658630	18658630	18658630	1	1	16686593	0.89431	1676488190	458654848	167913433	1049919909	458654848	0.373739	0.626261	0.732011	750.897331	762.136726	0.24338	0.24338	242.615885	0.006908	1.924588	0.991451	0.985138	0.980981	0.977857		0	0	0	4.609224	6.345972			NA
Lathyrus_283_T26_R1s1a1_NoDup.HsMetrics	CaptureTargets	541675471	610809	610809	1	27084781	27084781	27084781	1	1	25059799	0.925235	2506607324	669792708	243556035	1593258581	669792708	0.364376	0.635624	0.733337	1096.566534	1114.41877	0.244846	0.244846	236.96699	0.013158	2.052337	0.986168	0.971683	0.968921	0.966726		0	0	0	4.776621	6.720104			NA
Lathyrus_N152_T27_R1s1a1_NoDup.HsMetrics	CaptureTargets	541675471	610809	610809	1	15263388	15263388	15263388	1	1	13579052	0.889649	1357266624	331216656	127778167	898271801	331216656	0.338176	0.661824	0.721613	542.258965	552.23699	0.214852	0.214852	216.411702	0.015132	1.979344	0.985423	0.969924	0.964255	0.960542		0	0	0	4.074407	6.76838			NA
Lathyrus_N191_T28_R1s1a1_NoDup.HsMetrics	CaptureTargets	541675471	610809	610809	1	27084961	27084961	27084961	1	1	24065195	0.888508	2405688437	562047567	221590489	1622050381	562047567	0.325744	0.674256	0.717229	920.169099	934.741564	0.205458	0.205458	207.189353	0.009868	1.972029	0.989475	0.973288	0.965529	0.962592		0	0	0	4.357077	6.573966			NA
Lathyrus_N312_T29_R1s1a1_NoDup.HsMetrics	CaptureTargets	541675471	610809	610809	1	20844630	20844630	20844630	1	1	19139211	0.918184	1913372995	465916488	179078223	1268378284	465916488	0.337098	0.662902	0.722357	762.785892	774.840253	0.221306	0.221306	215.944517	0.009868	2.028378	0.989669	0.974131	0.967183	0.961201		0	0	0	4.857385	6.105623			NA
L.corn._100_T30_R1s1a1_NoDup.HsMetrics	CaptureTargets	541675471	610809	610809	1	21915428	21915428	21915428	1	1	20191552	0.92134	2027921785	560006138	202104650	1265810997	560006138	0.375809	0.624191	0.734809	916.826926	930.410932	0.253001	0.253001	244.892412	0.007566	2.090811	0.990692	0.977894	0.97266	0.970115		0	0	0	5.009344	6.025148			NA
L.corn._101_T31_R1s1a1_NoDup.HsMetrics	CaptureTargets	541675471	610809	610809	1	23699740	23699740	23699740	1	1	21470598	0.905942	2156210266	585763328	226100233	1344346705	585763328	0.376523	0.623477	0.721505	958.995902	972.697106	0.244713	0.244713	240.915538	0.00625	1.961083	0.992024	0.981824	0.976176	0.973301		0	0	0	3.851755	6.598779			NA
L.corn._102_T32_R1s1a1_NoDup.HsMetrics	CaptureTargets	541675471	610809	610809	1	26195653	26195653	26195653	1	1	23930311	0.913522	2402803227	616447081	241039007	1545317139	616447081	0.356869	0.643131	0.7189	1009.230514	1022.94615	0.232994	0.232994	227.515682	0.003947	1.967204	0.993692	0.985754	0.982488	0.978993		0	0	0	4.76334	5.911986			NA
L.corn._113_T33_R1s1a1_NoDup.HsMetrics	CaptureTargets	541675471	610809	610809	1	22689319	22689319	22689319	1	1	20803259	0.916875	2089663049	559134594	219867442	1310661013	559134594	0.372788	0.627212	0.717758	915.400058	928.30734	0.243991	0.243991	237.286943	0.006579	1.958454	0.991062	0.981839	0.97689	0.972758		0	0	0	4.419925	5.979257			NA
L.corn._114_T34_R1s1a1_NoDup.HsMetrics	CaptureTargets	541675471	610809	610809	1	25259857	25259857	25259857	1	1	23110271	0.914901	2320723285	613625759	230960500	1476137026	613625759	0.363932	0.636068	0.72654	1004.611522	1019.260846	0.24052	0.24052	234.484405	0.007237	1.979147	0.992297	0.982468	0.977241	0.975211		0	0	0	4.931168	5.885701			NA
L.corn._239_T35_R1s1a1_NoDup.HsMetrics	CaptureTargets	541675471	610809	610809	1	26839478	26839478	26839478	1	1	24760136	0.922527	2488320672	668886499	249014000	1570420173	668886499	0.368884	0.631116	0.728714	1095.082913	1109.68021	0.24675	0.24675	238.385494	0.002632	1.960566	0.994659	0.9874	0.983101	0.980365		0	0	0	5.198176	6.032489			NA
L.corn._243_T36_R1s1a1_NoDup.HsMetrics	CaptureTargets	541675471	610809	610809	1	27012912	27012912	27012912	1	1	24833473	0.919319	2495525685	625194180	238222162	1632109343	625194180	0.345986	0.654014	0.724094	1023.551028	1037.437293	0.229151	0.229151	222.170619	0.003618	1.931913	0.99369	0.984199	0.980987	0.978251		0	0	0	4.301751	6.686181			NA
L.corn._251_T37_R1s1a1_NoDup.HsMetrics	CaptureTargets	541675471	610809	610809	1	21524865	21524865	21524865	1	1	19469369	0.904506	1954874789	506831144	194948953	1253094692	506831144	0.35899	0.64101	0.722208	829.770262	841.243928	0.233132	0.233132	229.920709	0.004605	1.951842	0.991285	0.97927	0.972412	0.968709		0	0	0	4.033878	6.509874			NA
L.corn._286_T38_R1s1a1_NoDup.HsMetrics	CaptureTargets	541675471	610809	610809	1	21835834	21835834	21835834	1	1	19885613	0.910687	1997210704	527810282	201440019	1267960403	527810282	0.365134	0.634866	0.723771	864.11674	876.200042	0.239324	0.239324	234.362274	0.004934	1.947111	0.992474	0.98457	0.978669	0.974364		0	0	0	4.330501	6.313417			NA
L.corn._68_T39_R1s1a1_NoDup.HsMetrics	CaptureTargets	541675471	610809	610809	1	27538740	27538740	27538740	1	1	24979101	0.907053	2507431778	585100195	234373700	1687957883	585100195	0.326818	0.673182	0.713995	957.910239	971.890916	0.210361	0.210361	206.935433	0.006908	1.854754	0.993021	0.98326	0.978776	0.975764		0	0	0	3.586746	6.483332			NA
L.corn._70_T40_R1s1a1_NoDup.HsMetrics	CaptureTargets	541675471	610809	610809	1	16371106	16371106	16371106	1	1	14969338	0.914375	1502791131	358371751	142482883	1001936497	358371751	0.333283	0.666717	0.71552	586.716553	596.068926	0.216738	0.216738	211.479798	0.009211	1.904374	0.990537	0.978935	0.972586	0.969002		0	0	0	3.615044	7.018019			NA
L.corn._99_T41_R1s1a1_NoDup.HsMetrics	CaptureTargets	541675471	610809	610809	1	24088619	24088619	24088619	1	1	21825240	0.906039	2190873844	520988865	201635887	1468249092	520988865	0.329834	0.670166	0.720967	852.948901	865.517232	0.214139	0.214139	210.884574	0.008882	1.893911	0.990813	0.981406	0.97656	0.97398		0	0	0	3.835599	6.328963			NA
L.ped._11_T42_R1s1a1_NoDup.HsMetrics	CaptureTargets	541675471	610809	610809	1	30724652	30724652	30724652	1	1	27796698	0.904703	2791516136	688887115	266780067	1835848954	688887115	0.342347	0.657653	0.720844	1127.827381	1142.351487	0.221993	0.221993	218.847536	0.001645	1.932913	0.993717	0.986804	0.982655	0.98062		0	0	0	4.178281	6.631449			NA
L.ped._12_T43_R1s1a1_NoDup.HsMetrics	CaptureTargets	541675471	610809	610809	1	21338846	21338846	21338846	1	1	19079595	0.894125	1916331049	468956728	186613739	1260760582	468956728	0.342097	0.657903	0.715341	767.763291	778.631029	0.217591	0.217591	217.01811	0.004276	1.951456	0.992884	0.984416	0.979795	0.976198		0	0	0	4.262408	6.390451			NA
L.ped._64_T44_R1s1a1_NoDup.HsMetrics	CaptureTargets	541675471	610809	610809	1	21943669	21943669	21943669	1	1	19731709	0.899198	1981589291	501245446	187947460	1292396385	501245446	0.347798	0.652202	0.727293	820.625508	832.321768	0.226162	0.226162	224.321312	0.003947	1.9912	0.992233	0.982388	0.976085	0.972322		0	0	0	4.109326	6.59447			NA
L.ped._74_T45_R1s1a1_NoDup.HsMetrics	CaptureTargets	541675471	610809	610809	1	22330153	22330153	22330153	1	1	20102539	0.900242	2019226973	528197032	203580220	1287449721	528197032	0.362405	0.637595	0.7218	864.749917	877.556243	0.234198	0.234198	231.976803	0.005592	1.963213	0.991453	0.983776	0.980676	0.978162		0	0	0	4.900769	6.10247			NA
L.ped._81_T46_R1s1a1_NoDup.HsMetrics	CaptureTargets	541675471	610809	610809	1	28759378	28759378	28759378	1	1	24898117	0.865739	2500658320	643156001	238966139	1618536180	643156001	0.352756	0.647244	0.729101	1052.957637	1068.833179	0.221419	0.221419	228.084468	0.006908	1.990378	0.992667	0.982432	0.978402	0.975772		0	0	0	4.655491	6.171113			NA
L.ped._82_T47_R1s1a1_NoDup.HsMetrics	CaptureTargets	541675471	610809	610809	1	26175645	26175645	26175645	1	1	23712907	0.905915	2381221038	612040810	226566651	1542613577	612040810	0.352175	0.647825	0.72983	1002.016686	1015.774221	0.231506	0.231506	227.936782	0.004605	2.039707	0.992627	0.982183	0.977832	0.975337		0	0	0	6.7044	4.969871			NA
L.ped._83_T48_R1s1a1_NoDup.HsMetrics	CaptureTargets	541675471	610809	610809	1	19712514	19712514	19712514	1	1	17799548	0.902957	1788296410	483793714	186311316	1118191380	483793714	0.374717	0.625283	0.721967	792.054004	804.143061	0.242995	0.242995	239.913374	0.005921	1.937694	0.990436	0.980476	0.97682	0.974575		0	0	0	4.140087	6.376309			NA
L.ped._84_T49_R1s1a1_NoDup.HsMetrics	CaptureTargets	541675471	610809	610809	1	18212795	18212795	18212795	1	1	16148687	0.886667	1621086389	443303261	150597889	1027185239	443303261	0.36636	0.63364	0.746426	725.764128	736.690838	0.240992	0.240992	242.509362	0.006908	2.199077	0.990265	0.981208	0.97844	0.97605		0	0	0	8.517111	4.574226			NA
L.ped._N132_T50_R1s1a1_NoDup.HsMetrics	CaptureTargets	541675471	610809	610809	1	17067354	17067354	17067354	1	1	15127632	0.886349	1518980578	410556783	148993160	959430635	410556783	0.368372	0.631628	0.733727	672.152478	681.444662	0.238169	0.238169	239.69267	0.004276	1.952564	0.990606	0.981857	0.978568	0.975192		0	0	0	4.191167	6.409836			NA
L.ped._N141_T51_R1s1a1_NoDup.HsMetrics	CaptureTargets	541675471	610809	610809	1	18646797	18646797	18646797	1	1	11889475	0.637615	1191643473	247180112	115306034	829157327	247180112	0.30419	0.69581	0.681902	404.676604	411.032476	0.131247	0.131247	183.950481	0.007895	1.859875	0.98904	0.978084	0.973979	0.970408		0	0	0	3.426803	6.358277			NA
L.ped._N153_T52_R1s1a1_NoDup.HsMetrics	CaptureTargets	541675471	610809	610809	1	9102948	9102948	9102948	1	1	7505864	0.824553	752744862	166873852	78616383	507254627	166873852	0.326127	0.673873	0.679758	273.201364	278.355867	0.181503	0.181503	196.595799	0.012829	1.855706	0.985502	0.972849	0.967841	0.959991		0	0	0	3.43047	6.625768			NA
L.ped._N163_T53_R1s1a1_NoDup.HsMetrics	CaptureTargets	541675471	610809	610809	1	6121216	6121216	6121216	1	1	4388846	0.716989	439981804	104458717	44295956	291227131	104458717	0.338093	0.661907	0.702221	171.016991	174.287568	0.168961	0.168961	210.544409	0.014803	1.915248	0.985033	0.972619	0.959698	0.941751		0	0	0	4.15949	6.349769			NA
L.ped._N184_T54_R1s1a1_NoDup.HsMetrics	CaptureTargets	541675471	610809	610809	1	8240073	8240073	8240073	1	1	5850779	0.71004	586333355	132505613	60822996	393004746	132505613	0.329725	0.670275	0.685391	216.934611	220.602967	0.159214	0.159214	200.411859	0.007895	1.869517	0.989669	0.980794	0.972059	0.959641		0	0	0	4.020609	6.824582			NA
L.ped._N208_T55_R1s1a1_NoDup.HsMetrics	CaptureTargets	541675471	610809	610809	1	9323696	9323696	9323696	1	1	6903567	0.740432	692246639	155311288	67275718	469659633	155311288	0.321543	0.678457	0.697755	254.271447	258.293847	0.164928	0.164928	198.964643	0.007566	1.927566	0.987824	0.974899	0.967389	0.956857		0	0	0	3.649561	6.731884			NA
L.ped._N224_T56_R1s1a1_NoDup.HsMetrics	CaptureTargets	541675471	610809	610809	1	7978242	7978242	7978242	1	1	6062849	0.759923	607930023	135599065	58902176	413428782	135599065	0.31994	0.68006	0.697163	221.999127	226.0507	0.168278	0.168278	197.804809	0.010855	1.868188	0.985938	0.969721	0.96115	0.948176		0	0	0	3.255049	6.572874			NA
Medicago_138_T57_R1s1a1_NoDup.HsMetrics	CaptureTargets	541675471	610809	610809	1	10106324	10106324	10106324	1	1	7199304	0.712356	722250901	163198636	71838136	487214129	163198636	0.325423	0.674577	0.694354	267.1844	271.567969	0.159883	0.159883	200.3836	0.008882	1.834919	0.990578	0.980946	0.97561	0.967264		0	0	0	4.365152	5.65751			NA
Medicago_140_T58_R1s1a1_NoDup.HsMetrics	CaptureTargets	541675471	610809	610809	1	10946312	10946312	10946312	1	1	8732144	0.797725	876596890	198898233	89634023	588064634	198898233	0.32915	0.67085	0.689345	325.630816	330.817451	0.179904	0.179904	201.217033	0.007566	1.827721	0.990257	0.983553	0.978687	0.973682		0	0	0	3.546696	6.47167			NA
Medicago_141_T59_R1s1a1_NoDup.HsMetrics	CaptureTargets	541675471	610809	610809	1	14826361	14826361	14826361	1	1	11236888	0.757899	1127467818	249036963	118057433	760373422	249036963	0.325592	0.674408	0.6784	407.716591	413.927472	0.166306	0.166306	195.88149	0.00625	1.831537	0.991684	0.984484	0.980628	0.977652		0	0	0	3.853564	6.62001			NA
Medicago_204_T60_R1s1a1_NoDup.HsMetrics	CaptureTargets	541675471	610809	610809	1	12005356	12005356	12005356	1	1	8182786	0.681595	821110260	189415879	88195926	543498455	189415879	0.338093	0.661907	0.682305	310.106562	315.363946	0.156214	0.156214	204.573157	0.009211	1.844234	0.989768	0.982998	0.977617	0.971471		0	0	0	4.022725	6.199159			NA
Medicago_205_T61_R1s1a1_NoDup.HsMetrics	CaptureTargets	541675471	610809	610809	1	5032872	5032872	5032872	1	1	4533184	0.900715	338758450	110419557	56377044	171961849	110419557	0.492376	0.507624	0.662001	180.775917	184.513125	0.292529	0.292529	289.06107	0.008882	1.66228	0.987629	0.978839	0.971612	0.96004		0	0	0	3.495997	6.629309			NA
Medicago_206_T62_R1s1a1_NoDup.HsMetrics	CaptureTargets	541675471	610809	610809	1	4812897	4812897	4812897	1	1	4314523	0.89645	322306488	98621311	50427485	173257692	98621311	0.462444	0.537556	0.661671	161.460147	164.914759	0.273214	0.273214	271.353524	0.010526	1.649148	0.988216	0.979371	0.969638	0.95538		0	0	0	3.11972	7.017623			NA
Medicago_207_T63_R1s1a1_NoDup.HsMetrics	CaptureTargets	541675471	610809	610809	1	12623523	12623523	12623523	1	1	8462772	0.670397	849525912	200975715	96000662	552549535	200975715	0.349579	0.650421	0.67674	329.032013	334.523582	0.157631	0.157631	209.797686	0.007566	1.979429	0.990737	0.981156	0.976287	0.968122		0	0	0	3.557085	7.758835			NA
Medicago_209_T64_R1s1a1_NoDup.HsMetrics	CaptureTargets	541675471	610809	610809	1	7862101	7862101	7862101	1	1	5999503	0.763092	602278697	151985268	65695963	384597466	151985268	0.361429	0.638571	0.698201	248.826176	253.864131	0.1914	0.1914	223.788484	0.009868	2.063936	0.987935	0.977236	0.968048	0.954812		0	0	0	4.420185	7.317073			NA
Medicago_210_T65_R1s1a1_NoDup.HsMetrics	CaptureTargets	541675471	610809	610809	1	4161457	4161457	4161457	1	1	3775457	0.907244	282082039	97954533	44354741	139772765	97954533	0.504496	0.495504	0.688322	160.368516	163.934031	0.313847	0.313847	307.95187	0.011513	1.781892	0.986906	0.978659	0.969333	0.955555		0	0	0	7.366605	4.077068			NA
Medicago_211_T66_R1s1a1_NoDup.HsMetrics	CaptureTargets	541675471	610809	610809	1	5458492	5458492	5458492	1	1	4926171	0.902478	368067250	113015184	58585894	196466172	113015184	0.466222	0.533778	0.658593	185.025407	188.836456	0.27606	0.27606	272.297317	0.010197	1.600309	0.988508	0.982564	0.975179	0.964648		0	0	0	3.007226	6.685839			NA
Medicago_212_T67_R1s1a1_NoDup.HsMetrics	CaptureTargets	541675471	610809	610809	1	6940961	6940961	6940961	1	1	5311253	0.765204	533089100	132412726	56185194	344491180	132412726	0.353783	0.646217	0.70209	216.782539	220.894291	0.188881	0.188881	220.274217	0.008882	1.990039	0.989189	0.978523	0.966514	0.949845		0	0	0	3.64202	7.520602			NA
Medicago_214_T68_R1s1a1_NoDup.HsMetrics	CaptureTargets	541675471	610809	610809	1	5684871	5684871	5684871	1	1	5135643	0.903388	383706825	125186696	66529339	191990790	125186696	0.499642	0.500358	0.65298	204.952278	209.311696	0.293614	0.293614	289.329286	0.010526	1.622571	0.986628	0.979381	0.973107	0.963959		0	0	0	3.340774	6.485465			NA
Medicago_221_T69_R1s1a1_NoDup.HsMetrics	CaptureTargets	541675471	610809	610809	1	8897667	8897667	8897667	1	1	6904719	0.776015	693125071	161791173	72391876	458942022	161791173	0.337866	0.662134	0.690875	264.880139	269.013555	0.180035	0.180035	207.003152	0.00625	2.007564	0.991005	0.983122	0.974873	0.964853		0	0	0	3.784348	7.300065			NA
Medicago_25_T70_R1s1a1_NoDup.HsMetrics	CaptureTargets	541675471	610809	610809	1	8836403	8836403	8836403	1	1	6532820	0.739308	655560298	151289786	65891630	438378882	151289786	0.331291	0.668709	0.696606	247.687552	252.129675	0.169517	0.169517	204.658934	0.009211	1.910073	0.988854	0.980832	0.974177	0.963912		0	0	0	4.494522	6.157211			NA
Medicago_29_T71_R1s1a1_NoDup.HsMetrics	CaptureTargets	541675471	610809	610809	1	5454940	5454940	5454940	1	1	4764203	0.873374	355572214	71182798	40469601	243919815	71182798	0.314008	0.685992	0.637539	116.538555	118.899084	0.17399	0.17399	177.533772	0.008882	1.606744	0.987284	0.97533	0.957669	0.936964		0	0	0	2.992125	6.215212			NA
Medicago_32_T72_R1s1a1_NoDup.HsMetrics	CaptureTargets	541675471	610809	610809	1	10324290	10324290	10324290	1	1	7976449	0.772591	799961658	185181330	81665303	533115025	185181330	0.333574	0.666426	0.693962	303.173873	308.332876	0.177589	0.177589	205.287152	0.008553	1.915111	0.989697	0.98135	0.975772	0.969066		0	0	0	4.886143	6.095847			NA
Medicago_36_T73_R1s1a1_NoDup.HsMetrics	CaptureTargets	541675471	610809	610809	1	3988946	3988946	3988946	1	1	3600773	0.902688	269030607	89016316	44025508	135988783	89016316	0.494523	0.505477	0.669085	145.735109	148.900833	0.297543	0.297543	293.428077	0.011513	1.692055	0.986282	0.978165	0.967554	0.952182		0	0	0	4.489728	5.864421			NA
Medicago_N143_T74_R1s1a1_NoDup.HsMetrics	CaptureTargets	541675471	610809	610809	1	8542360	8542360	8542360	1	1	6086279	0.712482	610788312	144376066	59599517	406812729	144376066	0.333955	0.666045	0.707811	236.368596	240.401378	0.167339	0.167339	209.62266	0.008224	2.0373	0.987344	0.977052	0.9667	0.952111		0	0	0	4.060687	7.43642			NA
Medicago_N328_T75_R1s1a1_NoDup.HsMetrics	CaptureTargets	541675471	610809	610809	1	7835113	7835113	7835113	1	1	6190570	0.790106	621648664	148832830	66041506	406774328	148832830	0.345652	0.654348	0.692651	243.66509	247.798418	0.188075	0.188075	212.318324	0.008224	1.982387	0.990078	0.982324	0.97268	0.960077		0	0	0	3.992891	7.41335			NA
Medicago_N334_T76_R1s1a1_NoDup.HsMetrics	CaptureTargets	541675471	610809	610809	1	10862007	10862007	10862007	1	1	8698303	0.800801	873453516	193662726	86259395	593531395	193662726	0.320477	0.679523	0.691845	317.059385	322.082707	0.176528	0.176528	196.625566	0.005921	1.830015	0.991544	0.985386	0.980618	0.974237		0	0	0	3.886434	6.400169			NA
Medicago_N339_T77_R1s1a1_NoDup.HsMetrics	CaptureTargets	541675471	610809	610809	1	12720583	12720583	12720583	1	1	10104378	0.794333	1014227550	219513535	97522107	697191908	219513535	0.312588	0.687412	0.692394	359.381632	364.991094	0.170857	0.170857	191.937415	0.005921	1.824955	0.990989	0.985229	0.981194	0.976383		0	0	0	3.172593	7.018098			NA
Medicago_N341_T78_R1s1a1_NoDup.HsMetrics	CaptureTargets	541675471	610809	610809	1	14688467	14688467	14688467	1	1	11525183	0.784642	1157240213	245315718	111525743	800398752	245315718	0.308356	0.691644	0.687464	401.624269	408.290674	0.165359	0.165359	187.990369	0.007237	1.798637	0.988859	0.98193	0.976948	0.972301		0	0	0	3.419801	6.900007			NA
Ononis_252_T79_R1s1a1_NoDup.HsMetrics	CaptureTargets	541675471	610809	610809	1	14186995	14186995	14186995	1	1	11460927	0.807847	1149417837	244402074	109211444	795804319	244402074	0.307646	0.692354	0.691156	400.128476	406.034852	0.170566	0.170566	188.564831	0.006579	1.862545	0.99049	0.977432	0.972039	0.967216		0	0	0	3.696348	6.570001			NA
Ononis_253_T80_R1s1a1_NoDup.HsMetrics	CaptureTargets	541675471	610809	610809	1	17786280	17786280	17786280	1	1	14043022	0.789542	1408660387	298992211	134729412	974938764	298992211	0.307897	0.692103	0.689364	489.501974	497.675964	0.166438	0.166438	188.229338	0.009868	1.843244	0.987498	0.976681	0.972457	0.968654		0	0	0	3.371139	6.830693			NA
Ononis_254_T81_R1s1a1_NoDup.HsMetrics	CaptureTargets	541675471	610809	610809	1	17187829	17187829	17187829	1	1	14576155	0.848051	1461955504	309716522	142698801	1009540181	309716522	0.309459	0.690541	0.684585	507.059526	515.305489	0.178411	0.178411	187.872823	0.009211	1.853617	0.988584	0.979272	0.975272	0.971985		0	0	0	3.727744	6.915051			NA
Ononis_256_T82_R1s1a1_NoDup.HsMetrics	CaptureTargets	541675471	610809	610809	1	12109551	12109551	12109551	1	1	9777028	0.807382	980195444	218506542	100573690	661115212	218506542	0.325527	0.674473	0.684801	357.73301	365.154476	0.178655	0.178655	197.690367	0.013487	1.99538	0.985197	0.977124	0.971741	0.965825		0	0	0	4.124636	7.435308			NA
Ononis_257_T83_R1s1a1_NoDup.HsMetrics	CaptureTargets	541675471	610809	610809	1	12996574	12996574	12996574	1	1	10615828	0.816817	1064531146	241716497	107248165	715566484	241716497	0.327811	0.672189	0.692668	395.731721	402.504136	0.184143	0.184143	201.363922	0.010855	2.022634	0.986598	0.976014	0.970989	0.965517		0	0	0	3.825004	7.627623			NA
Ononis_276_T84_R1s1a1_NoDup.HsMetrics	CaptureTargets	541675471	610809	610809	1	12314243	12314243	12314243	1	1	9963441	0.809099	998702155	225318463	97112087	676271605	225318463	0.32285	0.67715	0.698812	368.885303	375.156887	0.181162	0.181162	200.075788	0.008882	1.995515	0.989313	0.977314	0.971327	0.964688		0	0	0	3.479576	7.651016			NA
Ononis_277_T85_R1s1a1_NoDup.HsMetrics	CaptureTargets	541675471	610809	610809	1	13687771	13687771	13687771	1	1	10554568	0.771095	1058982967	235307709	99599622	724075636	235307709	0.316254	0.683746	0.702605	385.239427	391.687741	0.170209	0.170209	197.052034	0.008553	1.96828	0.990045	0.98445	0.980131	0.974672		0	0	0	3.429644	7.80059			NA
Ononis_284_T86_R1s1a1_NoDup.HsMetrics	CaptureTargets	541675471	610809	610809	1	14615863	14615863	14615863	1	1	11996897	0.820813	1203238694	268359547	120702528	814176619	268359547	0.323346	0.676654	0.68976	439.351003	447.183805	0.181791	0.181791	197.787574	0.013816	2.023456	0.985302	0.97408	0.968709	0.964688		0	0	0	3.545906	7.775736			NA
Ononis_285_T87_R1s1a1_NoDup.HsMetrics	CaptureTargets	541675471	610809	610809	1	14336369	14336369	14336369	1	1	11555417	0.806021	1158753096	257095751	118245824	783411521	257095751	0.323919	0.676081	0.684965	420.910221	428.151706	0.177556	0.177556	196.760417	0.010855	1.991403	0.986958	0.979171	0.974752	0.969497		0	0	0	3.616765	7.636673			NA
Ononis_N101_T88_R1s1a1_NoDup.HsMetrics	CaptureTargets	541675471	610809	610809	1	8346134	8346134	8346134	1	1	6096213	0.730424	611124687	148202405	63155396	399766886	148202405	0.345851	0.654149	0.701192	242.632975	247.331686	0.175812	0.175812	215.059764	0.015789	2.113946	0.984131	0.973472	0.962843	0.949562		0	0	0	4.630714	6.96381			NA
Ononis_N123_T89_R1s1a1_NoDup.HsMetrics	CaptureTargets	541675471	610809	610809	1	9625938	9625938	9625938	1	1	7141366	0.741888	715183545	165370221	70725374	479087950	165370221	0.330119	0.669881	0.700438	270.73966	276.66188	0.170096	0.170096	205.056498	0.016447	2.034279	0.984576	0.974393	0.9661	0.953793		0	0	0	3.601512	7.586712			NA
Ononis_N133_T90_R1s1a1_NoDup.HsMetrics	CaptureTargets	541675471	610809	610809	1	10566311	10566311	10566311	1	1	8174600	0.773647	819408999	185256785	83611656	550540558	185256785	0.328125	0.671875	0.689024	303.297406	308.948437	0.173592	0.173592	200.496657	0.012829	2.073479	0.986791	0.975242	0.96844	0.959116		0	0	0	4.073329	7.519019			NA
Pisum_121_T91_R1s1a1_NoDup.HsMetrics	CaptureTargets	541675471	610809	610809	1	9008649	9008649	9008649	1	1	7186656	0.797751	721208432	169762118	77263593	474182721	169762118	0.342516	0.657484	0.687224	277.929955	282.738621	0.186578	0.186578	208.74387	0.008553	2.034091	0.99029	0.98319	0.975141	0.963787		0	0	0	3.835064	7.632027			NA
Pisum_124_T92_R1s1a1_NoDup.HsMetrics	CaptureTargets	541675471	610809	610809	1	26584645	26584645	26584645	1	1	24182820	0.909654	2430049794	550977631	234280954	1644791209	550977631	0.323145	0.676855	0.701651	902.045698	915.310441	0.205202	0.205202	201.072435	0.005592	1.860387	0.993198	0.985356	0.981955	0.979792		0	0	0	3.611051	7.16692			NA
Pisum_192_T93_R1s1a1_NoDup.HsMetrics	CaptureTargets	541675471	610809	610809	1	27468849	27468849	27468849	1	1	24608041	0.895853	2472456191	573812274	242199619	1656444298	573812274	0.330041	0.669959	0.703191	939.429959	953.184078	0.206827	0.206827	205.814027	0.004605	1.880047	0.992951	0.983861	0.980216	0.978135		0	0	0	3.872934	7.000629			NA
Pisum_193_T94_R1s1a1_NoDup.HsMetrics	CaptureTargets	541675471	610809	610809	1	22266976	22266976	22266976	1	1	19603820	0.880399	1969164105	482069626	192904102	1294190377	482069626	0.342772	0.657228	0.714205	789.231373	800.31827	0.214352	0.214352	217.100888	0.004934	1.910067	0.994245	0.985941	0.982087	0.979811		0	0	0	4.520584	6.162919			NA
Pisum_245_T95_R1s1a1_NoDup.HsMetrics	CaptureTargets	541675471	610809	610809	1	26127138	26127138	26127138	1	1	23744283	0.908798	2384826097	545068481	216069027	1623688589	545068481	0.319158	0.680842	0.716124	892.371398	904.121193	0.206556	0.206556	202.688027	0.002632	1.852707	0.994627	0.986742	0.984527	0.982471		0	0	0	3.752976	6.835264			NA
Pisum_246_T96_R1s1a1_NoDup.HsMetrics	CaptureTargets	541675471	610809	610809	1	23159334	23159334	23159334	1	1	19672411	0.849438	1975842507	450421414	194342526	1331078567	450421414	0.326324	0.673676	0.698583	737.417775	747.794431	0.192562	0.192562	202.162429	0.004605	1.89315	0.992604	0.98423	0.980573	0.977962		0	0	0	3.3814	7.411879			NA
Pisum_247_T97_R1s1a1_NoDup.HsMetrics	CaptureTargets	541675471	610809	610809	1	21926988	21926988	21926988	1	1	18764709	0.855781	1884915359	434800799	180856265	1269258295	434800799	0.326623	0.673377	0.706239	711.844126	722.569801	0.196331	0.196331	204.56542	0.00625	1.862293	0.992835	0.983376	0.97977	0.977667		0	0	0	3.85755	6.881531			NA
Pisum_248_T98_R1s1a1_NoDup.HsMetrics	CaptureTargets	541675471	610809	610809	1	7676202	7676202	7676202	1	1	6485510	0.844885	651167312	161033960	67301070	422832282	161033960	0.350655	0.649345	0.705253	263.640451	268.184269	0.207706	0.207706	219.310095	0.008553	1.971943	0.99002	0.980905	0.974186	0.964848		0	0	0	5.406888	5.843852			NA
Pisum_249_T99_R1s1a1_NoDup.HsMetrics	CaptureTargets	541675471	610809	610809	1	11518695	11518695	11518695	1	1	8749140	0.75956	878574688	208634268	93682629	576257791	208634268	0.344099	0.655901	0.690118	341.570389	347.214509	0.179333	0.179333	210.591432	0.009211	1.856762	0.988457	0.979134	0.974475	0.968679		0	0	0	3.428861	7.074001			NA
Pisum_5_T100_R1s1a1_NoDup.HsMetrics	CaptureTargets	541675471	610809	610809	1	6037143	6037143	6037143	1	1	4856476	0.804433	487352255	117807240	51018872	318526143	117807240	0.346415	0.653585	0.697802	192.870832	196.652163	0.193205	0.193205	214.369376	0.009211	2.027342	0.990159	0.979129	0.965087	0.946359		0	0	0	3.980878	7.611354			NA
Pisum_9_T101_R1s1a1_NoDup.HsMetrics	CaptureTargets	541675471	610809	610809	1	10680169	10680169	10680169	1	1	8451905	0.791364	847895568	196425684	84725195	566744689	196425684	0.331587	0.668413	0.698649	321.582825	327.215196	0.182095	0.182095	205.442197	0.009539	2.070982	0.989682	0.980916	0.97487	0.965848		0	0	0	4.304386	7.368888			NA
Pisum_N181_T102_R1s1a1_NoDup.HsMetrics	CaptureTargets	541675471	610809	610809	1	10202621	10202621	10202621	1	1	8567804	0.839765	859788947	197091875	86635024	576062048	197091875	0.329996	0.670004	0.694653	322.673495	327.656559	0.191265	0.191265	203.287467	0.00625	1.861685	0.99005	0.979096	0.974013	0.967458		0	0	0	3.53485	6.844137			NA
Pisum_N256_T103_R1s1a1_NoDup.HsMetrics	CaptureTargets	541675471	610809	610809	1	26722862	26722862	26722862	1	1	22680520	0.848731	2277766248	500815768	222087110	1554863370	500815768	0.317374	0.682626	0.692784	819.922051	831.52147	0.185555	0.185555	194.98562	0.004605	1.868588	0.993599	0.986155	0.98262	0.980491		0	0	0	3.457199	6.866004			NA
Pisum_N316_T104_R1s1a1_NoDup.HsMetrics	CaptureTargets	541675471	610809	610809	1	8849641	8849641	8849641	1	1	7499316	0.847415	753163250	177478008	74813107	500872135	177478008	0.334975	0.665025	0.703465	290.562202	296.1391	0.198563	0.198563	208.972514	0.012171	1.850869	0.986984	0.979623	0.973463	0.964979		0	0	0	3.554959	6.791672			NA
Pisum_N342_T105_R1s1a1_NoDup.HsMetrics	CaptureTargets	541675471	610809	610809	1	9220339	9220339	9220339	1	1	7812295	0.847289	784352025	187952523	82361790	514037712	187952523	0.344634	0.655366	0.695311	307.710795	313.490585	0.201827	0.201827	212.505845	0.010197	1.877189	0.987731	0.979835	0.974235	0.967392		0	0	0	3.493862	6.971796			NA
Trifolium_106_T106_R1s1a1_NoDup.HsMetrics	CaptureTargets	541675471	610809	610809	1	33598772	33598772	33598772	1	1	29189081	0.868754	2932585371	851623514	343069424	1737892433	851623514	0.407386	0.592614	0.712839	1394.255019	1414.519874	0.250959	0.250959	257.531716	0.005263	2.210187	0.993806	0.984661	0.979079	0.976337		0	0	0	6.159139	6.077261			NA
Trifolium_110_T107_R1s1a1_NoDup.HsMetrics	CaptureTargets	541675471	610809	610809	1	32071156	32071156	32071156	1	1	26651659	0.831016	2679846261	809419955	329678402	1540747904	809419955	0.425061	0.574939	0.71058	1325.160492	1343.294512	0.249884	0.249884	267.853774	0.004605	2.173616	0.994594	0.985977	0.983977	0.982436		0	0	0	5.36267	6.642237			NA
Trifolium_111_T108_R1s1a1_NoDup.HsMetrics	CaptureTargets	541675471	610809	610809	1	24105613	24105613	24105613	1	1	21708301	0.90055	2183131227	680049671	279567091	1223514465	680049671	0.43956	0.56044	0.708668	1113.358957	1128.415003	0.279319	0.279319	276.245069	0.003289	2.24337	0.99372	0.987991	0.984843	0.983104		0	0	0	5.484329	6.840851			NA
Trifolium_112_T109_R1s1a1_NoDup.HsMetrics	CaptureTargets	541675471	610809	610809	1	21464302	21464302	21464302	1	1	19081561	0.888991	1918641944	600461069	233520427	1084660448	600461069	0.434673	0.565327	0.719993	983.058647	997.141671	0.276979	0.276979	277.539411	0.005263	2.32434	0.992503	0.984083	0.981226	0.978419		0	0	0	5.740931	6.890332			NA
Trifolium_136_T110_R1s1a1_NoDup.HsMetrics	CaptureTargets	541675471	610809	610809	1	23775023	23775023	23775023	1	1	21264946	0.894424	2138917759	679861356	258423645	1200632758	679861356	0.438673	0.561327	0.724579	1113.050652	1128.727901	0.283125	0.283125	281.877241	0.005263	2.275661	0.993034	0.983675	0.980971	0.978478		0	0	0	5.462486	7.078014			NA
Trifolium_198_T111_R1s1a1_NoDup.HsMetrics	CaptureTargets	541675471	610809	610809	1	30548019	30548019	30548019	1	1	27837453	0.911269	2799975490	846174769	368521346	1585279375	846174769	0.433824	0.566176	0.696614	1385.334481	1404.779563	0.274256	0.274256	268.002956	0.004934	2.233354	0.994492	0.985315	0.982082	0.980202		0	0	0	4.893851	7.350906			NA
Trifolium_47_T112_R1s1a1_NoDup.HsMetrics	CaptureTargets	541675471	610809	610809	1	27758405	27758405	27758405	1	1	24108056	0.868496	2424023170	681638759	315211037	1427173374	681638759	0.411238	0.588762	0.683793	1115.960569	1131.331591	0.24313	0.24313	249.374046	0.004605	2.142673	0.994975	0.986471	0.983266	0.981794		0	0	0	4.761786	7.211103			NA
Trifolium_48_T113_R1s1a1_NoDup.HsMetrics	CaptureTargets	541675471	610809	610809	1	26666184	26666184	26666184	1	1	23235986	0.871365	2335947440	667396602	286728873	1381821965	667396602	0.408453	0.591547	0.699485	1092.643694	1108.625859	0.2478	0.2478	253.369694	0.006908	2.115698	0.993018	0.983874	0.981165	0.979754		0	0	0	5.457864	6.319258			NA
Trifolium_57_T114_R1s1a1_NoDup.HsMetrics	CaptureTargets	541675471	610809	610809	1	24852039	24852039	24852039	1	1	22101746	0.889333	2221955345	622533429	260963067	1338458849	622533429	0.397621	0.602379	0.704625	1019.194919	1033.807431	0.248016	0.248016	248.462638	0.005263	2.162777	0.993786	0.98535	0.983053	0.981281		0	0	0	5.516573	6.397827			NA
Trifolium_63_T115_R1s1a1_NoDup.HsMetrics	CaptureTargets	541675471	610809	610809	1	40687233	40687233	40687233	1	1	36323497	0.892749	3652462034	1034163683	430902970	2187395381	1034163683	0.401118	0.598882	0.705882	1693.104854	1715.836032	0.251657	0.251657	251.094566	0.003947	2.131473	0.996661	0.984437	0.980303	0.978954		0	0	0	5.022709	6.322025			NA
Trifolium_N102_T116_R1s1a1_NoDup.HsMetrics	CaptureTargets	541675471	610809	610809	1	18093424	18093424	18093424	1	1	15499145	0.856618	1559390124	524482041	209841804	825066279	524482041	0.470905	0.529095	0.714238	858.667834	872.097645	0.287004	0.287004	298.270007	0.006908	2.282978	0.991095	0.98607	0.983039	0.980287		0	0	0	5.638489	6.94045			NA
Trifolium_N185_T117_R1s1a1_NoDup.HsMetrics	CaptureTargets	541675471	610809	610809	1	22319544	22319544	22319544	1	1	19812904	0.887693	1991630490	627105757	243474978	1121049755	627105757	0.43712	0.56288	0.72033	1026.68061	1041.869576	0.278185	0.278185	279.232371	0.006908	2.24058	0.99365	0.984926	0.982526	0.97978		0	0	0	5.251484	6.917316			NA
Trifolium_N319_T118_R1s1a1_NoDup.HsMetrics	CaptureTargets	541675471	610809	610809	1	7008333	7008333	7008333	1	1	6155565	0.878321	459545292	93291266	47322547	318931479	93291266	0.305985	0.694015	0.663457	152.733941	155.391114	0.177486	0.177486	180.030633	0.009211	1.60197	0.986497	0.976744	0.964664	0.949564		0	0	0	3.314375	6.056528			NA
Trifolium_N322_T119_R1s1a1_NoDup.HsMetrics	CaptureTargets	541675471	610809	610809	1	4598072	4598072	4598072	1	1	3779307	0.821933	281903382	65589768	32380221	183933393	65589768	0.34753	0.65247	0.669488	107.381797	109.694335	0.190195	0.190195	206.333408	0.010526	1.637229	0.986226	0.975863	0.954847	0.930771		0	0	0	3.317644	6.26286			NA
Trifolium_N324_T120_R1s1a1_NoDup.HsMetrics	CaptureTargets	541675471	610809	610809	1	6346284	6346284	6346284	1	1	5495035	0.865867	410149149	88565646	45426323	276157180	88565646	0.326691	0.673309	0.660977	144.997284	148.184005	0.186074	0.186074	191.494904	0.014474	1.610696	0.985883	0.974046	0.961642	0.943711		0	0	0	2.645736	6.659043			NA
